number of ADS: 38
in filter
hm created w/ size 38
generating encodings to be removed
generated encodings to be removed w/ size 161, now removing
number of filtered ADS: 17
[0 1 2 5 8 ] - [1, 3, 8, 13, 15]
[0 1 2 5 10 ] - [1, 5, 8, 11, 15]
[0 1 2 8 13 ] - [1, 5, 8, 11, 15]
[0 1 3 4 9 ] - [1, 3, 8, 13, 15]
[0 1 3 4 11 ] - [1, 3, 8, 13, 15]
[0 1 3 5 9 ] - [2, 4, 8, 12, 14]
[0 1 3 7 8 ] - [1, 7, 8, 9, 15]
[0 1 3 8 13 ] - [3, 5, 8, 11, 13]
[0 1 4 6 8 ] - [2, 4, 8, 12, 14]
[0 1 4 7 9 ] - [3, 7, 8, 9, 13]
[0 1 4 10 12 ] - [4, 6, 8, 10, 12]
[0 1 5 6 8 ] - [1, 5, 8, 11, 15]
[0 1 5 6 14 ] - [1, 5, 8, 11, 15]
[0 1 5 8 14 ] - [3, 7, 8, 9, 13]
[0 1 6 10 14 ] - [4, 6, 8, 10, 12]
[0 1 7 9 12 ] - [5, 7, 8, 9, 11]
[0 1 8 12 14 ] - [2, 4, 8, 12, 14]