input the dimension you want to search for
2
input next n for Z_n
16
input next n for Z_n
2
input lambda
5
input number of elements to cover lambda times
8
input ADS size in query
12
[AA, AB, BA, BB, CA, CB, DA, DB, EA, EB, FA, FB, GA, GB, HA, HB, IA, IB, JA, JB, KA, KB, LA, LB, MA, MB, NA, NB, OA, OB, PA, PB]
256
{ [ 0 0 ] [ 0 1 ] [ 1 0 ] [ 1 1 ] [ 2 0 ] [ 4 1 ] [ 6 0 ] [ 7 0 ] [ 9 0 ] [ 12 1 ] [ 13 0 ] [ 14 1 ] }
{ [ 0 0 ] [ 0 1 ] [ 1 0 ] [ 1 1 ] [ 2 0 ] [ 4 1 ] [ 6 0 ] [ 7 1 ] [ 9 1 ] [ 12 1 ] [ 13 1 ] [ 14 1 ] }
{ [ 0 0 ] [ 0 1 ] [ 1 0 ] [ 1 1 ] [ 2 0 ] [ 4 1 ] [ 6 0 ] [ 9 0 ] [ 10 0 ] [ 11 0 ] [ 13 0 ] [ 14 1 ] }
{ [ 0 0 ] [ 0 1 ] [ 1 0 ] [ 1 1 ] [ 2 0 ] [ 4 1 ] [ 6 0 ] [ 9 1 ] [ 10 0 ] [ 11 1 ] [ 13 1 ] [ 14 1 ] }
{ [ 0 0 ] [ 0 1 ] [ 1 0 ] [ 1 1 ] [ 2 1 ] [ 4 0 ] [ 6 1 ] [ 7 0 ] [ 9 0 ] [ 12 0 ] [ 13 0 ] [ 14 0 ] }
{ [ 0 0 ] [ 0 1 ] [ 1 0 ] [ 1 1 ] [ 2 1 ] [ 4 0 ] [ 6 1 ] [ 7 1 ] [ 9 1 ] [ 12 0 ] [ 13 1 ] [ 14 0 ] }
{ [ 0 0 ] [ 0 1 ] [ 1 0 ] [ 1 1 ] [ 2 1 ] [ 4 0 ] [ 6 1 ] [ 9 0 ] [ 10 1 ] [ 11 0 ] [ 13 0 ] [ 14 0 ] }
{ [ 0 0 ] [ 0 1 ] [ 1 0 ] [ 1 1 ] [ 2 1 ] [ 4 0 ] [ 6 1 ] [ 9 1 ] [ 10 1 ] [ 11 1 ] [ 13 1 ] [ 14 0 ] }
{ [ 0 0 ] [ 0 1 ] [ 1 0 ] [ 1 1 ] [ 3 0 ] [ 4 0 ] [ 5 0 ] [ 8 0 ] [ 10 0 ] [ 11 1 ] [ 13 0 ] [ 15 1 ] }
{ [ 0 0 ] [ 0 1 ] [ 1 0 ] [ 1 1 ] [ 3 0 ] [ 4 0 ] [ 6 0 ] [ 7 1 ] [ 8 0 ] [ 11 1 ] [ 13 0 ] [ 15 1 ] }
{ [ 0 0 ] [ 0 1 ] [ 1 0 ] [ 1 1 ] [ 3 0 ] [ 4 1 ] [ 5 0 ] [ 8 1 ] [ 10 1 ] [ 11 1 ] [ 13 0 ] [ 15 1 ] }
{ [ 0 0 ] [ 0 1 ] [ 1 0 ] [ 1 1 ] [ 3 0 ] [ 4 1 ] [ 6 1 ] [ 7 1 ] [ 8 1 ] [ 11 1 ] [ 13 0 ] [ 15 1 ] }
{ [ 0 0 ] [ 0 1 ] [ 1 0 ] [ 1 1 ] [ 3 1 ] [ 4 0 ] [ 5 1 ] [ 8 0 ] [ 10 0 ] [ 11 0 ] [ 13 1 ] [ 15 0 ] }
{ [ 0 0 ] [ 0 1 ] [ 1 0 ] [ 1 1 ] [ 3 1 ] [ 4 0 ] [ 6 0 ] [ 7 0 ] [ 8 0 ] [ 11 0 ] [ 13 1 ] [ 15 0 ] }
{ [ 0 0 ] [ 0 1 ] [ 1 0 ] [ 1 1 ] [ 3 1 ] [ 4 1 ] [ 5 1 ] [ 8 1 ] [ 10 1 ] [ 11 0 ] [ 13 1 ] [ 15 0 ] }
{ [ 0 0 ] [ 0 1 ] [ 1 0 ] [ 1 1 ] [ 3 1 ] [ 4 1 ] [ 6 1 ] [ 7 0 ] [ 8 1 ] [ 11 0 ] [ 13 1 ] [ 15 0 ] }
{ [ 0 0 ] [ 0 1 ] [ 1 0 ] [ 2 0 ] [ 2 1 ] [ 3 1 ] [ 6 0 ] [ 7 1 ] [ 10 1 ] [ 11 1 ] [ 13 1 ] [ 14 1 ] }
{ [ 0 0 ] [ 0 1 ] [ 1 0 ] [ 2 0 ] [ 2 1 ] [ 3 1 ] [ 6 1 ] [ 7 1 ] [ 10 0 ] [ 11 1 ] [ 13 1 ] [ 14 0 ] }
{ [ 0 0 ] [ 0 1 ] [ 1 0 ] [ 2 0 ] [ 2 1 ] [ 4 0 ] [ 5 1 ] [ 7 1 ] [ 8 0 ] [ 11 1 ] [ 12 1 ] [ 15 1 ] }
{ [ 0 0 ] [ 0 1 ] [ 1 0 ] [ 2 0 ] [ 2 1 ] [ 4 1 ] [ 5 1 ] [ 7 1 ] [ 8 1 ] [ 11 1 ] [ 12 0 ] [ 15 1 ] }
{ [ 0 0 ] [ 0 1 ] [ 1 0 ] [ 2 0 ] [ 3 0 ] [ 3 1 ] [ 5 0 ] [ 7 1 ] [ 8 0 ] [ 9 1 ] [ 12 0 ] [ 13 0 ] }
{ [ 0 0 ] [ 0 1 ] [ 1 0 ] [ 2 0 ] [ 3 0 ] [ 3 1 ] [ 6 0 ] [ 7 0 ] [ 10 1 ] [ 11 0 ] [ 12 1 ] [ 14 0 ] }
{ [ 0 0 ] [ 0 1 ] [ 1 0 ] [ 2 0 ] [ 3 0 ] [ 4 1 ] [ 5 0 ] [ 6 0 ] [ 9 0 ] [ 9 1 ] [ 10 0 ] [ 14 1 ] }
{ [ 0 0 ] [ 0 1 ] [ 1 0 ] [ 2 0 ] [ 3 0 ] [ 4 1 ] [ 5 0 ] [ 9 0 ] [ 10 1 ] [ 12 0 ] [ 12 1 ] [ 15 1 ] }
{ [ 0 0 ] [ 0 1 ] [ 1 0 ] [ 2 0 ] [ 3 0 ] [ 5 1 ] [ 6 0 ] [ 7 0 ] [ 10 0 ] [ 10 1 ] [ 14 1 ] [ 15 0 ] }
{ [ 0 0 ] [ 0 1 ] [ 1 0 ] [ 2 0 ] [ 3 0 ] [ 5 1 ] [ 8 0 ] [ 10 1 ] [ 11 0 ] [ 12 0 ] [ 12 1 ] [ 15 0 ] }
{ [ 0 0 ] [ 0 1 ] [ 1 0 ] [ 2 0 ] [ 3 1 ] [ 4 0 ] [ 5 0 ] [ 7 0 ] [ 10 1 ] [ 12 0 ] [ 12 1 ] [ 13 0 ] }
{ [ 0 0 ] [ 0 1 ] [ 1 0 ] [ 2 0 ] [ 3 1 ] [ 4 0 ] [ 7 0 ] [ 8 0 ] [ 9 0 ] [ 13 0 ] [ 13 1 ] [ 15 1 ] }
{ [ 0 0 ] [ 0 1 ] [ 1 0 ] [ 2 0 ] [ 3 1 ] [ 5 0 ] [ 6 0 ] [ 6 1 ] [ 7 0 ] [ 9 0 ] [ 10 1 ] [ 14 1 ] }
{ [ 0 0 ] [ 0 1 ] [ 1 0 ] [ 2 0 ] [ 3 1 ] [ 7 1 ] [ 8 1 ] [ 10 1 ] [ 12 0 ] [ 12 1 ] [ 13 1 ] [ 15 1 ] }
{ [ 0 0 ] [ 0 1 ] [ 1 0 ] [ 2 0 ] [ 4 0 ] [ 5 0 ] [ 5 1 ] [ 7 1 ] [ 8 0 ] [ 9 0 ] [ 11 1 ] [ 15 0 ] }
{ [ 0 0 ] [ 0 1 ] [ 1 0 ] [ 2 0 ] [ 4 0 ] [ 7 0 ] [ 7 1 ] [ 10 1 ] [ 11 0 ] [ 12 0 ] [ 14 1 ] [ 15 0 ] }
{ [ 0 0 ] [ 0 1 ] [ 1 0 ] [ 2 0 ] [ 4 1 ] [ 5 0 ] [ 5 1 ] [ 6 1 ] [ 7 0 ] [ 10 0 ] [ 13 0 ] [ 14 0 ] }
{ [ 0 0 ] [ 0 1 ] [ 1 0 ] [ 2 0 ] [ 4 1 ] [ 5 0 ] [ 6 0 ] [ 9 0 ] [ 9 1 ] [ 12 1 ] [ 14 1 ] [ 15 0 ] }
{ [ 0 0 ] [ 0 1 ] [ 1 0 ] [ 2 0 ] [ 4 1 ] [ 7 1 ] [ 9 0 ] [ 10 1 ] [ 11 0 ] [ 12 0 ] [ 12 1 ] [ 13 0 ] }
{ [ 0 0 ] [ 0 1 ] [ 1 0 ] [ 2 0 ] [ 5 0 ] [ 6 0 ] [ 7 1 ] [ 10 1 ] [ 11 0 ] [ 13 0 ] [ 14 0 ] [ 14 1 ] }
{ [ 0 0 ] [ 0 1 ] [ 1 0 ] [ 2 0 ] [ 5 1 ] [ 8 0 ] [ 9 1 ] [ 11 0 ] [ 11 1 ] [ 12 0 ] [ 13 1 ] [ 15 0 ] }
{ [ 0 0 ] [ 0 1 ] [ 1 0 ] [ 2 0 ] [ 6 0 ] [ 6 1 ] [ 9 0 ] [ 10 1 ] [ 11 1 ] [ 13 0 ] [ 14 1 ] [ 15 0 ] }
{ [ 0 0 ] [ 0 1 ] [ 1 0 ] [ 2 1 ] [ 3 0 ] [ 3 1 ] [ 5 0 ] [ 7 1 ] [ 8 1 ] [ 9 1 ] [ 12 1 ] [ 13 0 ] }
{ [ 0 0 ] [ 0 1 ] [ 1 0 ] [ 2 1 ] [ 3 0 ] [ 3 1 ] [ 6 1 ] [ 7 0 ] [ 10 0 ] [ 11 0 ] [ 12 0 ] [ 14 1 ] }
{ [ 0 0 ] [ 0 1 ] [ 1 0 ] [ 2 1 ] [ 3 0 ] [ 4 0 ] [ 5 0 ] [ 6 1 ] [ 9 0 ] [ 9 1 ] [ 10 1 ] [ 14 0 ] }
{ [ 0 0 ] [ 0 1 ] [ 1 0 ] [ 2 1 ] [ 3 0 ] [ 4 0 ] [ 5 0 ] [ 9 0 ] [ 10 0 ] [ 12 0 ] [ 12 1 ] [ 15 1 ] }
{ [ 0 0 ] [ 0 1 ] [ 1 0 ] [ 2 1 ] [ 3 0 ] [ 5 1 ] [ 6 1 ] [ 7 0 ] [ 10 0 ] [ 10 1 ] [ 14 0 ] [ 15 0 ] }
{ [ 0 0 ] [ 0 1 ] [ 1 0 ] [ 2 1 ] [ 3 0 ] [ 5 1 ] [ 8 1 ] [ 10 0 ] [ 11 0 ] [ 12 0 ] [ 12 1 ] [ 15 0 ] }
{ [ 0 0 ] [ 0 1 ] [ 1 0 ] [ 2 1 ] [ 3 1 ] [ 4 1 ] [ 5 0 ] [ 7 0 ] [ 10 0 ] [ 12 0 ] [ 12 1 ] [ 13 0 ] }
{ [ 0 0 ] [ 0 1 ] [ 1 0 ] [ 2 1 ] [ 3 1 ] [ 4 1 ] [ 7 0 ] [ 8 1 ] [ 9 0 ] [ 13 0 ] [ 13 1 ] [ 15 1 ] }
{ [ 0 0 ] [ 0 1 ] [ 1 0 ] [ 2 1 ] [ 3 1 ] [ 5 0 ] [ 6 0 ] [ 6 1 ] [ 7 0 ] [ 9 0 ] [ 10 0 ] [ 14 0 ] }
{ [ 0 0 ] [ 0 1 ] [ 1 0 ] [ 2 1 ] [ 3 1 ] [ 7 1 ] [ 8 0 ] [ 10 0 ] [ 12 0 ] [ 12 1 ] [ 13 1 ] [ 15 1 ] }
{ [ 0 0 ] [ 0 1 ] [ 1 0 ] [ 2 1 ] [ 4 0 ] [ 5 0 ] [ 5 1 ] [ 6 0 ] [ 7 0 ] [ 10 1 ] [ 13 0 ] [ 14 1 ] }
{ [ 0 0 ] [ 0 1 ] [ 1 0 ] [ 2 1 ] [ 4 0 ] [ 5 0 ] [ 6 1 ] [ 9 0 ] [ 9 1 ] [ 12 0 ] [ 14 0 ] [ 15 0 ] }
{ [ 0 0 ] [ 0 1 ] [ 1 0 ] [ 2 1 ] [ 4 0 ] [ 7 1 ] [ 9 0 ] [ 10 0 ] [ 11 0 ] [ 12 0 ] [ 12 1 ] [ 13 0 ] }
{ [ 0 0 ] [ 0 1 ] [ 1 0 ] [ 2 1 ] [ 4 1 ] [ 5 0 ] [ 5 1 ] [ 7 1 ] [ 8 1 ] [ 9 0 ] [ 11 1 ] [ 15 0 ] }
{ [ 0 0 ] [ 0 1 ] [ 1 0 ] [ 2 1 ] [ 4 1 ] [ 7 0 ] [ 7 1 ] [ 10 0 ] [ 11 0 ] [ 12 1 ] [ 14 0 ] [ 15 0 ] }
{ [ 0 0 ] [ 0 1 ] [ 1 0 ] [ 2 1 ] [ 5 0 ] [ 6 1 ] [ 7 1 ] [ 10 0 ] [ 11 0 ] [ 13 0 ] [ 14 0 ] [ 14 1 ] }
{ [ 0 0 ] [ 0 1 ] [ 1 0 ] [ 2 1 ] [ 5 1 ] [ 8 1 ] [ 9 1 ] [ 11 0 ] [ 11 1 ] [ 12 1 ] [ 13 1 ] [ 15 0 ] }
{ [ 0 0 ] [ 0 1 ] [ 1 0 ] [ 2 1 ] [ 6 0 ] [ 6 1 ] [ 9 0 ] [ 10 0 ] [ 11 1 ] [ 13 0 ] [ 14 0 ] [ 15 0 ] }
{ [ 0 0 ] [ 0 1 ] [ 1 0 ] [ 3 0 ] [ 3 1 ] [ 7 1 ] [ 8 0 ] [ 9 1 ] [ 12 0 ] [ 13 0 ] [ 14 0 ] [ 15 1 ] }
{ [ 0 0 ] [ 0 1 ] [ 1 0 ] [ 3 0 ] [ 3 1 ] [ 7 1 ] [ 8 1 ] [ 9 1 ] [ 12 1 ] [ 13 0 ] [ 14 1 ] [ 15 1 ] }
{ [ 0 0 ] [ 0 1 ] [ 1 0 ] [ 3 0 ] [ 4 0 ] [ 4 1 ] [ 5 1 ] [ 6 0 ] [ 7 0 ] [ 11 0 ] [ 12 1 ] [ 14 1 ] }
{ [ 0 0 ] [ 0 1 ] [ 1 0 ] [ 3 0 ] [ 4 0 ] [ 4 1 ] [ 5 1 ] [ 6 1 ] [ 7 0 ] [ 11 0 ] [ 12 0 ] [ 14 0 ] }
{ [ 0 0 ] [ 0 1 ] [ 1 0 ] [ 3 0 ] [ 4 0 ] [ 4 1 ] [ 6 0 ] [ 8 0 ] [ 9 0 ] [ 13 0 ] [ 14 1 ] [ 15 1 ] }
{ [ 0 0 ] [ 0 1 ] [ 1 0 ] [ 3 0 ] [ 4 0 ] [ 4 1 ] [ 6 1 ] [ 8 1 ] [ 9 0 ] [ 13 0 ] [ 14 0 ] [ 15 1 ] }
{ [ 0 0 ] [ 0 1 ] [ 1 0 ] [ 3 0 ] [ 4 0 ] [ 5 0 ] [ 5 1 ] [ 6 0 ] [ 10 1 ] [ 12 0 ] [ 13 0 ] [ 14 1 ] }
{ [ 0 0 ] [ 0 1 ] [ 1 0 ] [ 3 0 ] [ 4 0 ] [ 7 1 ] [ 8 1 ] [ 9 0 ] [ 12 1 ] [ 13 0 ] [ 14 0 ] [ 14 1 ] }
{ [ 0 0 ] [ 0 1 ] [ 1 0 ] [ 3 0 ] [ 4 0 ] [ 8 0 ] [ 10 0 ] [ 10 1 ] [ 11 0 ] [ 12 1 ] [ 13 1 ] [ 15 0 ] }
{ [ 0 0 ] [ 0 1 ] [ 1 0 ] [ 3 0 ] [ 4 1 ] [ 5 0 ] [ 5 1 ] [ 6 1 ] [ 10 0 ] [ 12 1 ] [ 13 0 ] [ 14 0 ] }
{ [ 0 0 ] [ 0 1 ] [ 1 0 ] [ 3 0 ] [ 4 1 ] [ 7 1 ] [ 8 0 ] [ 9 0 ] [ 12 0 ] [ 13 0 ] [ 14 0 ] [ 14 1 ] }
{ [ 0 0 ] [ 0 1 ] [ 1 0 ] [ 3 0 ] [ 4 1 ] [ 8 1 ] [ 10 0 ] [ 10 1 ] [ 11 0 ] [ 12 0 ] [ 13 1 ] [ 15 0 ] }
{ [ 0 0 ] [ 0 1 ] [ 1 0 ] [ 3 1 ] [ 4 0 ] [ 5 0 ] [ 5 1 ] [ 7 1 ] [ 8 0 ] [ 11 1 ] [ 14 0 ] [ 15 0 ] }
{ [ 0 0 ] [ 0 1 ] [ 1 0 ] [ 3 1 ] [ 4 0 ] [ 5 0 ] [ 6 0 ] [ 6 1 ] [ 8 1 ] [ 12 1 ] [ 13 0 ] [ 15 0 ] }
{ [ 0 0 ] [ 0 1 ] [ 1 0 ] [ 3 1 ] [ 4 1 ] [ 5 0 ] [ 5 1 ] [ 7 1 ] [ 8 1 ] [ 11 1 ] [ 14 1 ] [ 15 0 ] }
{ [ 0 0 ] [ 0 1 ] [ 1 0 ] [ 3 1 ] [ 4 1 ] [ 5 0 ] [ 6 0 ] [ 6 1 ] [ 8 0 ] [ 12 0 ] [ 13 0 ] [ 15 0 ] }
{ [ 0 0 ] [ 0 1 ] [ 1 0 ] [ 3 1 ] [ 5 0 ] [ 6 0 ] [ 8 0 ] [ 11 1 ] [ 12 0 ] [ 13 1 ] [ 15 0 ] [ 15 1 ] }
{ [ 0 0 ] [ 0 1 ] [ 1 0 ] [ 3 1 ] [ 5 0 ] [ 6 1 ] [ 8 1 ] [ 11 1 ] [ 12 1 ] [ 13 1 ] [ 15 0 ] [ 15 1 ] }
{ [ 0 0 ] [ 0 1 ] [ 1 0 ] [ 3 1 ] [ 5 0 ] [ 8 0 ] [ 9 0 ] [ 10 0 ] [ 12 0 ] [ 13 1 ] [ 15 0 ] [ 15 1 ] }
{ [ 0 0 ] [ 0 1 ] [ 1 0 ] [ 3 1 ] [ 5 0 ] [ 8 1 ] [ 9 0 ] [ 10 1 ] [ 12 1 ] [ 13 1 ] [ 15 0 ] [ 15 1 ] }
{ [ 0 0 ] [ 0 1 ] [ 1 0 ] [ 4 0 ] [ 4 1 ] [ 5 0 ] [ 6 0 ] [ 7 1 ] [ 8 0 ] [ 9 0 ] [ 11 0 ] [ 14 1 ] }
{ [ 0 0 ] [ 0 1 ] [ 1 0 ] [ 4 0 ] [ 4 1 ] [ 5 0 ] [ 6 0 ] [ 8 1 ] [ 11 1 ] [ 13 0 ] [ 14 1 ] [ 15 0 ] }
{ [ 0 0 ] [ 0 1 ] [ 1 0 ] [ 4 0 ] [ 4 1 ] [ 5 0 ] [ 6 1 ] [ 7 1 ] [ 8 1 ] [ 9 0 ] [ 11 0 ] [ 14 0 ] }
{ [ 0 0 ] [ 0 1 ] [ 1 0 ] [ 4 0 ] [ 4 1 ] [ 5 0 ] [ 6 1 ] [ 8 0 ] [ 11 1 ] [ 13 0 ] [ 14 0 ] [ 15 0 ] }
{ [ 0 0 ] [ 0 1 ] [ 1 0 ] [ 4 0 ] [ 4 1 ] [ 6 0 ] [ 7 1 ] [ 11 1 ] [ 12 0 ] [ 13 1 ] [ 14 1 ] [ 15 1 ] }
{ [ 0 0 ] [ 0 1 ] [ 1 0 ] [ 4 0 ] [ 4 1 ] [ 6 1 ] [ 7 1 ] [ 11 1 ] [ 12 1 ] [ 13 1 ] [ 14 0 ] [ 15 1 ] }
{ [ 0 0 ] [ 0 1 ] [ 1 0 ] [ 4 0 ] [ 5 0 ] [ 8 1 ] [ 9 0 ] [ 11 0 ] [ 12 1 ] [ 14 0 ] [ 14 1 ] [ 15 1 ] }
{ [ 0 0 ] [ 0 1 ] [ 1 0 ] [ 4 1 ] [ 5 0 ] [ 8 0 ] [ 9 0 ] [ 11 0 ] [ 12 0 ] [ 14 0 ] [ 14 1 ] [ 15 1 ] }
{ [ 0 0 ] [ 0 1 ] [ 1 0 ] [ 5 1 ] [ 7 0 ] [ 7 1 ] [ 8 0 ] [ 9 0 ] [ 10 0 ] [ 11 1 ] [ 12 0 ] [ 13 0 ] }
{ [ 0 0 ] [ 0 1 ] [ 1 0 ] [ 5 1 ] [ 7 0 ] [ 7 1 ] [ 8 1 ] [ 9 0 ] [ 10 1 ] [ 11 1 ] [ 12 1 ] [ 13 0 ] }
{ [ 0 0 ] [ 0 1 ] [ 1 0 ] [ 5 1 ] [ 7 0 ] [ 8 0 ] [ 9 1 ] [ 11 0 ] [ 11 1 ] [ 12 0 ] [ 14 0 ] [ 15 0 ] }
{ [ 0 0 ] [ 0 1 ] [ 1 0 ] [ 5 1 ] [ 7 0 ] [ 8 1 ] [ 9 1 ] [ 11 0 ] [ 11 1 ] [ 12 1 ] [ 14 1 ] [ 15 0 ] }
{ [ 0 0 ] [ 0 1 ] [ 1 1 ] [ 2 0 ] [ 2 1 ] [ 3 0 ] [ 6 0 ] [ 7 0 ] [ 10 1 ] [ 11 0 ] [ 13 0 ] [ 14 1 ] }
{ [ 0 0 ] [ 0 1 ] [ 1 1 ] [ 2 0 ] [ 2 1 ] [ 3 0 ] [ 6 1 ] [ 7 0 ] [ 10 0 ] [ 11 0 ] [ 13 0 ] [ 14 0 ] }
{ [ 0 0 ] [ 0 1 ] [ 1 1 ] [ 2 0 ] [ 2 1 ] [ 4 0 ] [ 5 0 ] [ 7 0 ] [ 8 0 ] [ 11 0 ] [ 12 1 ] [ 15 0 ] }
{ [ 0 0 ] [ 0 1 ] [ 1 1 ] [ 2 0 ] [ 2 1 ] [ 4 1 ] [ 5 0 ] [ 7 0 ] [ 8 1 ] [ 11 0 ] [ 12 0 ] [ 15 0 ] }
{ [ 0 0 ] [ 0 1 ] [ 1 1 ] [ 2 0 ] [ 3 0 ] [ 3 1 ] [ 5 1 ] [ 7 0 ] [ 8 0 ] [ 9 0 ] [ 12 0 ] [ 13 1 ] }
{ [ 0 0 ] [ 0 1 ] [ 1 1 ] [ 2 0 ] [ 3 0 ] [ 3 1 ] [ 6 0 ] [ 7 1 ] [ 10 1 ] [ 11 1 ] [ 12 1 ] [ 14 0 ] }
{ [ 0 0 ] [ 0 1 ] [ 1 1 ] [ 2 0 ] [ 3 0 ] [ 4 0 ] [ 5 1 ] [ 7 1 ] [ 10 1 ] [ 12 0 ] [ 12 1 ] [ 13 1 ] }
{ [ 0 0 ] [ 0 1 ] [ 1 1 ] [ 2 0 ] [ 3 0 ] [ 4 0 ] [ 7 1 ] [ 8 0 ] [ 9 1 ] [ 13 0 ] [ 13 1 ] [ 15 0 ] }
{ [ 0 0 ] [ 0 1 ] [ 1 1 ] [ 2 0 ] [ 3 0 ] [ 5 1 ] [ 6 0 ] [ 6 1 ] [ 7 1 ] [ 9 1 ] [ 10 1 ] [ 14 1 ] }
{ [ 0 0 ] [ 0 1 ] [ 1 1 ] [ 2 0 ] [ 3 0 ] [ 7 0 ] [ 8 1 ] [ 10 1 ] [ 12 0 ] [ 12 1 ] [ 13 0 ] [ 15 0 ] }
{ [ 0 0 ] [ 0 1 ] [ 1 1 ] [ 2 0 ] [ 3 1 ] [ 4 1 ] [ 5 1 ] [ 6 0 ] [ 9 0 ] [ 9 1 ] [ 10 0 ] [ 14 1 ] }
{ [ 0 0 ] [ 0 1 ] [ 1 1 ] [ 2 0 ] [ 3 1 ] [ 4 1 ] [ 5 1 ] [ 9 1 ] [ 10 1 ] [ 12 0 ] [ 12 1 ] [ 15 0 ] }
{ [ 0 0 ] [ 0 1 ] [ 1 1 ] [ 2 0 ] [ 3 1 ] [ 5 0 ] [ 6 0 ] [ 7 1 ] [ 10 0 ] [ 10 1 ] [ 14 1 ] [ 15 1 ] }
{ [ 0 0 ] [ 0 1 ] [ 1 1 ] [ 2 0 ] [ 3 1 ] [ 5 0 ] [ 8 0 ] [ 10 1 ] [ 11 1 ] [ 12 0 ] [ 12 1 ] [ 15 1 ] }
{ [ 0 0 ] [ 0 1 ] [ 1 1 ] [ 2 0 ] [ 4 0 ] [ 5 0 ] [ 5 1 ] [ 7 0 ] [ 8 0 ] [ 9 1 ] [ 11 0 ] [ 15 1 ] }
{ [ 0 0 ] [ 0 1 ] [ 1 1 ] [ 2 0 ] [ 4 0 ] [ 7 0 ] [ 7 1 ] [ 10 1 ] [ 11 1 ] [ 12 0 ] [ 14 1 ] [ 15 1 ] }
{ [ 0 0 ] [ 0 1 ] [ 1 1 ] [ 2 0 ] [ 4 1 ] [ 5 0 ] [ 5 1 ] [ 6 1 ] [ 7 1 ] [ 10 0 ] [ 13 1 ] [ 14 0 ] }
{ [ 0 0 ] [ 0 1 ] [ 1 1 ] [ 2 0 ] [ 4 1 ] [ 5 1 ] [ 6 0 ] [ 9 0 ] [ 9 1 ] [ 12 1 ] [ 14 1 ] [ 15 1 ] }
{ [ 0 0 ] [ 0 1 ] [ 1 1 ] [ 2 0 ] [ 4 1 ] [ 7 0 ] [ 9 1 ] [ 10 1 ] [ 11 1 ] [ 12 0 ] [ 12 1 ] [ 13 1 ] }
{ [ 0 0 ] [ 0 1 ] [ 1 1 ] [ 2 0 ] [ 5 0 ] [ 8 0 ] [ 9 0 ] [ 11 0 ] [ 11 1 ] [ 12 0 ] [ 13 0 ] [ 15 1 ] }
{ [ 0 0 ] [ 0 1 ] [ 1 1 ] [ 2 0 ] [ 5 1 ] [ 6 0 ] [ 7 0 ] [ 10 1 ] [ 11 1 ] [ 13 1 ] [ 14 0 ] [ 14 1 ] }
{ [ 0 0 ] [ 0 1 ] [ 1 1 ] [ 2 0 ] [ 6 0 ] [ 6 1 ] [ 9 1 ] [ 10 1 ] [ 11 0 ] [ 13 1 ] [ 14 1 ] [ 15 1 ] }
{ [ 0 0 ] [ 0 1 ] [ 1 1 ] [ 2 1 ] [ 3 0 ] [ 3 1 ] [ 5 1 ] [ 7 0 ] [ 8 1 ] [ 9 0 ] [ 12 1 ] [ 13 1 ] }
{ [ 0 0 ] [ 0 1 ] [ 1 1 ] [ 2 1 ] [ 3 0 ] [ 3 1 ] [ 6 1 ] [ 7 1 ] [ 10 0 ] [ 11 1 ] [ 12 0 ] [ 14 1 ] }
{ [ 0 0 ] [ 0 1 ] [ 1 1 ] [ 2 1 ] [ 3 0 ] [ 4 1 ] [ 5 1 ] [ 7 1 ] [ 10 0 ] [ 12 0 ] [ 12 1 ] [ 13 1 ] }
{ [ 0 0 ] [ 0 1 ] [ 1 1 ] [ 2 1 ] [ 3 0 ] [ 4 1 ] [ 7 1 ] [ 8 1 ] [ 9 1 ] [ 13 0 ] [ 13 1 ] [ 15 0 ] }
{ [ 0 0 ] [ 0 1 ] [ 1 1 ] [ 2 1 ] [ 3 0 ] [ 5 1 ] [ 6 0 ] [ 6 1 ] [ 7 1 ] [ 9 1 ] [ 10 0 ] [ 14 0 ] }
{ [ 0 0 ] [ 0 1 ] [ 1 1 ] [ 2 1 ] [ 3 0 ] [ 7 0 ] [ 8 0 ] [ 10 0 ] [ 12 0 ] [ 12 1 ] [ 13 0 ] [ 15 0 ] }
{ [ 0 0 ] [ 0 1 ] [ 1 1 ] [ 2 1 ] [ 3 1 ] [ 4 0 ] [ 5 1 ] [ 6 1 ] [ 9 0 ] [ 9 1 ] [ 10 1 ] [ 14 0 ] }
{ [ 0 0 ] [ 0 1 ] [ 1 1 ] [ 2 1 ] [ 3 1 ] [ 4 0 ] [ 5 1 ] [ 9 1 ] [ 10 0 ] [ 12 0 ] [ 12 1 ] [ 15 0 ] }
{ [ 0 0 ] [ 0 1 ] [ 1 1 ] [ 2 1 ] [ 3 1 ] [ 5 0 ] [ 6 1 ] [ 7 1 ] [ 10 0 ] [ 10 1 ] [ 14 0 ] [ 15 1 ] }
{ [ 0 0 ] [ 0 1 ] [ 1 1 ] [ 2 1 ] [ 3 1 ] [ 5 0 ] [ 8 1 ] [ 10 0 ] [ 11 1 ] [ 12 0 ] [ 12 1 ] [ 15 1 ] }
{ [ 0 0 ] [ 0 1 ] [ 1 1 ] [ 2 1 ] [ 4 0 ] [ 5 0 ] [ 5 1 ] [ 6 0 ] [ 7 1 ] [ 10 1 ] [ 13 1 ] [ 14 1 ] }
{ [ 0 0 ] [ 0 1 ] [ 1 1 ] [ 2 1 ] [ 4 0 ] [ 5 1 ] [ 6 1 ] [ 9 0 ] [ 9 1 ] [ 12 0 ] [ 14 0 ] [ 15 1 ] }
{ [ 0 0 ] [ 0 1 ] [ 1 1 ] [ 2 1 ] [ 4 0 ] [ 7 0 ] [ 9 1 ] [ 10 0 ] [ 11 1 ] [ 12 0 ] [ 12 1 ] [ 13 1 ] }
{ [ 0 0 ] [ 0 1 ] [ 1 1 ] [ 2 1 ] [ 4 1 ] [ 5 0 ] [ 5 1 ] [ 7 0 ] [ 8 1 ] [ 9 1 ] [ 11 0 ] [ 15 1 ] }
{ [ 0 0 ] [ 0 1 ] [ 1 1 ] [ 2 1 ] [ 4 1 ] [ 7 0 ] [ 7 1 ] [ 10 0 ] [ 11 1 ] [ 12 1 ] [ 14 0 ] [ 15 1 ] }
{ [ 0 0 ] [ 0 1 ] [ 1 1 ] [ 2 1 ] [ 5 0 ] [ 8 1 ] [ 9 0 ] [ 11 0 ] [ 11 1 ] [ 12 1 ] [ 13 0 ] [ 15 1 ] }
{ [ 0 0 ] [ 0 1 ] [ 1 1 ] [ 2 1 ] [ 5 1 ] [ 6 1 ] [ 7 0 ] [ 10 0 ] [ 11 1 ] [ 13 1 ] [ 14 0 ] [ 14 1 ] }
{ [ 0 0 ] [ 0 1 ] [ 1 1 ] [ 2 1 ] [ 6 0 ] [ 6 1 ] [ 9 1 ] [ 10 0 ] [ 11 0 ] [ 13 1 ] [ 14 0 ] [ 15 1 ] }
{ [ 0 0 ] [ 0 1 ] [ 1 1 ] [ 3 0 ] [ 3 1 ] [ 7 0 ] [ 8 0 ] [ 9 0 ] [ 12 0 ] [ 13 1 ] [ 14 0 ] [ 15 0 ] }
{ [ 0 0 ] [ 0 1 ] [ 1 1 ] [ 3 0 ] [ 3 1 ] [ 7 0 ] [ 8 1 ] [ 9 0 ] [ 12 1 ] [ 13 1 ] [ 14 1 ] [ 15 0 ] }
{ [ 0 0 ] [ 0 1 ] [ 1 1 ] [ 3 0 ] [ 4 0 ] [ 5 0 ] [ 5 1 ] [ 7 0 ] [ 8 0 ] [ 11 0 ] [ 14 0 ] [ 15 1 ] }
{ [ 0 0 ] [ 0 1 ] [ 1 1 ] [ 3 0 ] [ 4 0 ] [ 5 1 ] [ 6 0 ] [ 6 1 ] [ 8 1 ] [ 12 1 ] [ 13 1 ] [ 15 1 ] }
{ [ 0 0 ] [ 0 1 ] [ 1 1 ] [ 3 0 ] [ 4 1 ] [ 5 0 ] [ 5 1 ] [ 7 0 ] [ 8 1 ] [ 11 0 ] [ 14 1 ] [ 15 1 ] }
{ [ 0 0 ] [ 0 1 ] [ 1 1 ] [ 3 0 ] [ 4 1 ] [ 5 1 ] [ 6 0 ] [ 6 1 ] [ 8 0 ] [ 12 0 ] [ 13 1 ] [ 15 1 ] }
{ [ 0 0 ] [ 0 1 ] [ 1 1 ] [ 3 0 ] [ 5 1 ] [ 6 0 ] [ 8 0 ] [ 11 0 ] [ 12 0 ] [ 13 0 ] [ 15 0 ] [ 15 1 ] }
{ [ 0 0 ] [ 0 1 ] [ 1 1 ] [ 3 0 ] [ 5 1 ] [ 6 1 ] [ 8 1 ] [ 11 0 ] [ 12 1 ] [ 13 0 ] [ 15 0 ] [ 15 1 ] }
{ [ 0 0 ] [ 0 1 ] [ 1 1 ] [ 3 0 ] [ 5 1 ] [ 8 0 ] [ 9 1 ] [ 10 0 ] [ 12 0 ] [ 13 0 ] [ 15 0 ] [ 15 1 ] }
{ [ 0 0 ] [ 0 1 ] [ 1 1 ] [ 3 0 ] [ 5 1 ] [ 8 1 ] [ 9 1 ] [ 10 1 ] [ 12 1 ] [ 13 0 ] [ 15 0 ] [ 15 1 ] }
{ [ 0 0 ] [ 0 1 ] [ 1 1 ] [ 3 1 ] [ 4 0 ] [ 4 1 ] [ 5 0 ] [ 6 0 ] [ 7 1 ] [ 11 1 ] [ 12 1 ] [ 14 1 ] }
{ [ 0 0 ] [ 0 1 ] [ 1 1 ] [ 3 1 ] [ 4 0 ] [ 4 1 ] [ 5 0 ] [ 6 1 ] [ 7 1 ] [ 11 1 ] [ 12 0 ] [ 14 0 ] }
{ [ 0 0 ] [ 0 1 ] [ 1 1 ] [ 3 1 ] [ 4 0 ] [ 4 1 ] [ 6 0 ] [ 8 0 ] [ 9 1 ] [ 13 1 ] [ 14 1 ] [ 15 0 ] }
{ [ 0 0 ] [ 0 1 ] [ 1 1 ] [ 3 1 ] [ 4 0 ] [ 4 1 ] [ 6 1 ] [ 8 1 ] [ 9 1 ] [ 13 1 ] [ 14 0 ] [ 15 0 ] }
{ [ 0 0 ] [ 0 1 ] [ 1 1 ] [ 3 1 ] [ 4 0 ] [ 5 0 ] [ 5 1 ] [ 6 0 ] [ 10 1 ] [ 12 0 ] [ 13 1 ] [ 14 1 ] }
{ [ 0 0 ] [ 0 1 ] [ 1 1 ] [ 3 1 ] [ 4 0 ] [ 7 0 ] [ 8 1 ] [ 9 1 ] [ 12 1 ] [ 13 1 ] [ 14 0 ] [ 14 1 ] }
{ [ 0 0 ] [ 0 1 ] [ 1 1 ] [ 3 1 ] [ 4 0 ] [ 8 0 ] [ 10 0 ] [ 10 1 ] [ 11 1 ] [ 12 1 ] [ 13 0 ] [ 15 1 ] }
{ [ 0 0 ] [ 0 1 ] [ 1 1 ] [ 3 1 ] [ 4 1 ] [ 5 0 ] [ 5 1 ] [ 6 1 ] [ 10 0 ] [ 12 1 ] [ 13 1 ] [ 14 0 ] }
{ [ 0 0 ] [ 0 1 ] [ 1 1 ] [ 3 1 ] [ 4 1 ] [ 7 0 ] [ 8 0 ] [ 9 1 ] [ 12 0 ] [ 13 1 ] [ 14 0 ] [ 14 1 ] }
{ [ 0 0 ] [ 0 1 ] [ 1 1 ] [ 3 1 ] [ 4 1 ] [ 8 1 ] [ 10 0 ] [ 10 1 ] [ 11 1 ] [ 12 0 ] [ 13 0 ] [ 15 1 ] }
{ [ 0 0 ] [ 0 1 ] [ 1 1 ] [ 4 0 ] [ 4 1 ] [ 5 1 ] [ 6 0 ] [ 7 0 ] [ 8 0 ] [ 9 1 ] [ 11 1 ] [ 14 1 ] }
{ [ 0 0 ] [ 0 1 ] [ 1 1 ] [ 4 0 ] [ 4 1 ] [ 5 1 ] [ 6 0 ] [ 8 1 ] [ 11 0 ] [ 13 1 ] [ 14 1 ] [ 15 1 ] }
{ [ 0 0 ] [ 0 1 ] [ 1 1 ] [ 4 0 ] [ 4 1 ] [ 5 1 ] [ 6 1 ] [ 7 0 ] [ 8 1 ] [ 9 1 ] [ 11 1 ] [ 14 0 ] }
{ [ 0 0 ] [ 0 1 ] [ 1 1 ] [ 4 0 ] [ 4 1 ] [ 5 1 ] [ 6 1 ] [ 8 0 ] [ 11 0 ] [ 13 1 ] [ 14 0 ] [ 15 1 ] }
{ [ 0 0 ] [ 0 1 ] [ 1 1 ] [ 4 0 ] [ 4 1 ] [ 6 0 ] [ 7 0 ] [ 11 0 ] [ 12 0 ] [ 13 0 ] [ 14 1 ] [ 15 0 ] }
{ [ 0 0 ] [ 0 1 ] [ 1 1 ] [ 4 0 ] [ 4 1 ] [ 6 1 ] [ 7 0 ] [ 11 0 ] [ 12 1 ] [ 13 0 ] [ 14 0 ] [ 15 0 ] }
{ [ 0 0 ] [ 0 1 ] [ 1 1 ] [ 4 0 ] [ 5 1 ] [ 8 1 ] [ 9 1 ] [ 11 1 ] [ 12 1 ] [ 14 0 ] [ 14 1 ] [ 15 0 ] }
{ [ 0 0 ] [ 0 1 ] [ 1 1 ] [ 4 1 ] [ 5 1 ] [ 8 0 ] [ 9 1 ] [ 11 1 ] [ 12 0 ] [ 14 0 ] [ 14 1 ] [ 15 0 ] }
{ [ 0 0 ] [ 0 1 ] [ 1 1 ] [ 5 0 ] [ 7 0 ] [ 7 1 ] [ 8 0 ] [ 9 1 ] [ 10 0 ] [ 11 0 ] [ 12 0 ] [ 13 1 ] }
{ [ 0 0 ] [ 0 1 ] [ 1 1 ] [ 5 0 ] [ 7 0 ] [ 7 1 ] [ 8 1 ] [ 9 1 ] [ 10 1 ] [ 11 0 ] [ 12 1 ] [ 13 1 ] }
{ [ 0 0 ] [ 0 1 ] [ 1 1 ] [ 5 0 ] [ 7 1 ] [ 8 0 ] [ 9 0 ] [ 11 0 ] [ 11 1 ] [ 12 0 ] [ 14 0 ] [ 15 1 ] }
{ [ 0 0 ] [ 0 1 ] [ 1 1 ] [ 5 0 ] [ 7 1 ] [ 8 1 ] [ 9 0 ] [ 11 0 ] [ 11 1 ] [ 12 1 ] [ 14 1 ] [ 15 1 ] }
{ [ 0 0 ] [ 0 1 ] [ 2 0 ] [ 2 1 ] [ 3 0 ] [ 4 0 ] [ 7 0 ] [ 8 0 ] [ 9 1 ] [ 12 1 ] [ 13 0 ] [ 15 0 ] }
{ [ 0 0 ] [ 0 1 ] [ 2 0 ] [ 2 1 ] [ 3 0 ] [ 4 1 ] [ 7 0 ] [ 8 1 ] [ 9 1 ] [ 12 0 ] [ 13 0 ] [ 15 0 ] }
{ [ 0 0 ] [ 0 1 ] [ 2 0 ] [ 2 1 ] [ 3 0 ] [ 5 0 ] [ 6 0 ] [ 9 1 ] [ 10 1 ] [ 11 0 ] [ 14 1 ] [ 15 0 ] }
{ [ 0 0 ] [ 0 1 ] [ 2 0 ] [ 2 1 ] [ 3 0 ] [ 5 0 ] [ 6 1 ] [ 9 1 ] [ 10 0 ] [ 11 0 ] [ 14 0 ] [ 15 0 ] }
{ [ 0 0 ] [ 0 1 ] [ 2 0 ] [ 2 1 ] [ 3 1 ] [ 4 0 ] [ 7 1 ] [ 8 0 ] [ 9 0 ] [ 12 1 ] [ 13 1 ] [ 15 1 ] }
{ [ 0 0 ] [ 0 1 ] [ 2 0 ] [ 2 1 ] [ 3 1 ] [ 4 1 ] [ 7 1 ] [ 8 1 ] [ 9 0 ] [ 12 0 ] [ 13 1 ] [ 15 1 ] }
{ [ 0 0 ] [ 0 1 ] [ 2 0 ] [ 2 1 ] [ 3 1 ] [ 5 1 ] [ 6 0 ] [ 9 0 ] [ 10 1 ] [ 11 1 ] [ 14 1 ] [ 15 1 ] }
{ [ 0 0 ] [ 0 1 ] [ 2 0 ] [ 2 1 ] [ 3 1 ] [ 5 1 ] [ 6 1 ] [ 9 0 ] [ 10 0 ] [ 11 1 ] [ 14 0 ] [ 15 1 ] }
{ [ 0 0 ] [ 0 1 ] [ 2 0 ] [ 3 0 ] [ 3 1 ] [ 4 1 ] [ 5 0 ] [ 6 0 ] [ 7 0 ] [ 10 1 ] [ 11 0 ] [ 12 1 ] }
{ [ 0 0 ] [ 0 1 ] [ 2 0 ] [ 3 0 ] [ 3 1 ] [ 4 1 ] [ 5 1 ] [ 6 0 ] [ 7 1 ] [ 10 1 ] [ 11 1 ] [ 12 1 ] }
{ [ 0 0 ] [ 0 1 ] [ 2 0 ] [ 3 0 ] [ 4 0 ] [ 7 0 ] [ 9 0 ] [ 10 1 ] [ 12 0 ] [ 14 1 ] [ 15 0 ] [ 15 1 ] }
{ [ 0 0 ] [ 0 1 ] [ 2 0 ] [ 3 0 ] [ 4 1 ] [ 6 0 ] [ 10 1 ] [ 11 0 ] [ 11 1 ] [ 12 1 ] [ 13 0 ] [ 15 0 ] }
{ [ 0 0 ] [ 0 1 ] [ 2 0 ] [ 3 0 ] [ 5 0 ] [ 6 0 ] [ 9 0 ] [ 10 1 ] [ 13 0 ] [ 14 0 ] [ 14 1 ] [ 15 1 ] }
{ [ 0 0 ] [ 0 1 ] [ 2 0 ] [ 3 0 ] [ 5 0 ] [ 6 1 ] [ 7 0 ] [ 10 1 ] [ 12 0 ] [ 14 1 ] [ 15 0 ] [ 15 1 ] }
{ [ 0 0 ] [ 0 1 ] [ 2 0 ] [ 3 0 ] [ 6 0 ] [ 9 0 ] [ 10 1 ] [ 11 0 ] [ 11 1 ] [ 12 1 ] [ 14 0 ] [ 15 0 ] }
{ [ 0 0 ] [ 0 1 ] [ 2 0 ] [ 3 0 ] [ 7 0 ] [ 8 0 ] [ 9 0 ] [ 10 1 ] [ 11 0 ] [ 12 0 ] [ 12 1 ] [ 13 1 ] }
{ [ 0 0 ] [ 0 1 ] [ 2 0 ] [ 3 1 ] [ 4 0 ] [ 7 1 ] [ 9 1 ] [ 10 1 ] [ 12 0 ] [ 14 1 ] [ 15 0 ] [ 15 1 ] }
{ [ 0 0 ] [ 0 1 ] [ 2 0 ] [ 3 1 ] [ 4 1 ] [ 6 0 ] [ 10 1 ] [ 11 0 ] [ 11 1 ] [ 12 1 ] [ 13 1 ] [ 15 1 ] }
{ [ 0 0 ] [ 0 1 ] [ 2 0 ] [ 3 1 ] [ 5 1 ] [ 6 0 ] [ 9 1 ] [ 10 1 ] [ 13 1 ] [ 14 0 ] [ 14 1 ] [ 15 0 ] }
{ [ 0 0 ] [ 0 1 ] [ 2 0 ] [ 3 1 ] [ 5 1 ] [ 6 1 ] [ 7 1 ] [ 10 1 ] [ 12 0 ] [ 14 1 ] [ 15 0 ] [ 15 1 ] }
{ [ 0 0 ] [ 0 1 ] [ 2 0 ] [ 3 1 ] [ 6 0 ] [ 9 1 ] [ 10 1 ] [ 11 0 ] [ 11 1 ] [ 12 1 ] [ 14 0 ] [ 15 1 ] }
{ [ 0 0 ] [ 0 1 ] [ 2 0 ] [ 3 1 ] [ 7 1 ] [ 8 0 ] [ 9 1 ] [ 10 1 ] [ 11 1 ] [ 12 0 ] [ 12 1 ] [ 13 0 ] }
{ [ 0 0 ] [ 0 1 ] [ 2 0 ] [ 4 0 ] [ 5 0 ] [ 9 0 ] [ 10 1 ] [ 11 1 ] [ 12 0 ] [ 12 1 ] [ 13 0 ] [ 15 0 ] }
{ [ 0 0 ] [ 0 1 ] [ 2 0 ] [ 4 0 ] [ 5 1 ] [ 9 1 ] [ 10 1 ] [ 11 0 ] [ 12 0 ] [ 12 1 ] [ 13 1 ] [ 15 1 ] }
{ [ 0 0 ] [ 0 1 ] [ 2 0 ] [ 4 1 ] [ 5 0 ] [ 6 1 ] [ 9 0 ] [ 10 0 ] [ 13 0 ] [ 13 1 ] [ 14 0 ] [ 15 0 ] }
{ [ 0 0 ] [ 0 1 ] [ 2 0 ] [ 4 1 ] [ 5 1 ] [ 6 1 ] [ 9 1 ] [ 10 0 ] [ 13 0 ] [ 13 1 ] [ 14 0 ] [ 15 1 ] }
{ [ 0 0 ] [ 0 1 ] [ 2 0 ] [ 5 0 ] [ 7 0 ] [ 8 1 ] [ 9 1 ] [ 10 1 ] [ 11 0 ] [ 12 0 ] [ 12 1 ] [ 15 0 ] }
{ [ 0 0 ] [ 0 1 ] [ 2 0 ] [ 5 1 ] [ 7 1 ] [ 8 1 ] [ 9 0 ] [ 10 1 ] [ 11 1 ] [ 12 0 ] [ 12 1 ] [ 15 1 ] }
{ [ 0 0 ] [ 0 1 ] [ 2 0 ] [ 6 0 ] [ 7 0 ] [ 9 0 ] [ 10 0 ] [ 10 1 ] [ 11 0 ] [ 13 1 ] [ 14 1 ] [ 15 0 ] }
{ [ 0 0 ] [ 0 1 ] [ 2 0 ] [ 6 0 ] [ 7 1 ] [ 9 1 ] [ 10 0 ] [ 10 1 ] [ 11 1 ] [ 13 0 ] [ 14 1 ] [ 15 1 ] }
{ [ 0 0 ] [ 0 1 ] [ 2 0 ] [ 6 1 ] [ 7 0 ] [ 7 1 ] [ 10 1 ] [ 11 0 ] [ 12 0 ] [ 13 0 ] [ 14 1 ] [ 15 0 ] }
{ [ 0 0 ] [ 0 1 ] [ 2 0 ] [ 6 1 ] [ 7 0 ] [ 7 1 ] [ 10 1 ] [ 11 1 ] [ 12 0 ] [ 13 1 ] [ 14 1 ] [ 15 1 ] }
{ [ 0 0 ] [ 0 1 ] [ 2 1 ] [ 3 0 ] [ 3 1 ] [ 4 0 ] [ 5 0 ] [ 6 1 ] [ 7 0 ] [ 10 0 ] [ 11 0 ] [ 12 0 ] }
{ [ 0 0 ] [ 0 1 ] [ 2 1 ] [ 3 0 ] [ 3 1 ] [ 4 0 ] [ 5 1 ] [ 6 1 ] [ 7 1 ] [ 10 0 ] [ 11 1 ] [ 12 0 ] }
{ [ 0 0 ] [ 0 1 ] [ 2 1 ] [ 3 0 ] [ 4 0 ] [ 6 1 ] [ 10 0 ] [ 11 0 ] [ 11 1 ] [ 12 0 ] [ 13 0 ] [ 15 0 ] }
{ [ 0 0 ] [ 0 1 ] [ 2 1 ] [ 3 0 ] [ 4 1 ] [ 7 0 ] [ 9 0 ] [ 10 0 ] [ 12 1 ] [ 14 0 ] [ 15 0 ] [ 15 1 ] }
{ [ 0 0 ] [ 0 1 ] [ 2 1 ] [ 3 0 ] [ 5 0 ] [ 6 0 ] [ 7 0 ] [ 10 0 ] [ 12 1 ] [ 14 0 ] [ 15 0 ] [ 15 1 ] }
{ [ 0 0 ] [ 0 1 ] [ 2 1 ] [ 3 0 ] [ 5 0 ] [ 6 1 ] [ 9 0 ] [ 10 0 ] [ 13 0 ] [ 14 0 ] [ 14 1 ] [ 15 1 ] }
{ [ 0 0 ] [ 0 1 ] [ 2 1 ] [ 3 0 ] [ 6 1 ] [ 9 0 ] [ 10 0 ] [ 11 0 ] [ 11 1 ] [ 12 0 ] [ 14 1 ] [ 15 0 ] }
{ [ 0 0 ] [ 0 1 ] [ 2 1 ] [ 3 0 ] [ 7 0 ] [ 8 1 ] [ 9 0 ] [ 10 0 ] [ 11 0 ] [ 12 0 ] [ 12 1 ] [ 13 1 ] }
{ [ 0 0 ] [ 0 1 ] [ 2 1 ] [ 3 1 ] [ 4 0 ] [ 6 1 ] [ 10 0 ] [ 11 0 ] [ 11 1 ] [ 12 0 ] [ 13 1 ] [ 15 1 ] }
{ [ 0 0 ] [ 0 1 ] [ 2 1 ] [ 3 1 ] [ 4 1 ] [ 7 1 ] [ 9 1 ] [ 10 0 ] [ 12 1 ] [ 14 0 ] [ 15 0 ] [ 15 1 ] }
{ [ 0 0 ] [ 0 1 ] [ 2 1 ] [ 3 1 ] [ 5 1 ] [ 6 0 ] [ 7 1 ] [ 10 0 ] [ 12 1 ] [ 14 0 ] [ 15 0 ] [ 15 1 ] }
{ [ 0 0 ] [ 0 1 ] [ 2 1 ] [ 3 1 ] [ 5 1 ] [ 6 1 ] [ 9 1 ] [ 10 0 ] [ 13 1 ] [ 14 0 ] [ 14 1 ] [ 15 0 ] }
{ [ 0 0 ] [ 0 1 ] [ 2 1 ] [ 3 1 ] [ 6 1 ] [ 9 1 ] [ 10 0 ] [ 11 0 ] [ 11 1 ] [ 12 0 ] [ 14 1 ] [ 15 1 ] }
{ [ 0 0 ] [ 0 1 ] [ 2 1 ] [ 3 1 ] [ 7 1 ] [ 8 1 ] [ 9 1 ] [ 10 0 ] [ 11 1 ] [ 12 0 ] [ 12 1 ] [ 13 0 ] }
{ [ 0 0 ] [ 0 1 ] [ 2 1 ] [ 4 0 ] [ 5 0 ] [ 6 0 ] [ 9 0 ] [ 10 1 ] [ 13 0 ] [ 13 1 ] [ 14 1 ] [ 15 0 ] }
{ [ 0 0 ] [ 0 1 ] [ 2 1 ] [ 4 0 ] [ 5 1 ] [ 6 0 ] [ 9 1 ] [ 10 1 ] [ 13 0 ] [ 13 1 ] [ 14 1 ] [ 15 1 ] }
{ [ 0 0 ] [ 0 1 ] [ 2 1 ] [ 4 1 ] [ 5 0 ] [ 9 0 ] [ 10 0 ] [ 11 1 ] [ 12 0 ] [ 12 1 ] [ 13 0 ] [ 15 0 ] }
{ [ 0 0 ] [ 0 1 ] [ 2 1 ] [ 4 1 ] [ 5 1 ] [ 9 1 ] [ 10 0 ] [ 11 0 ] [ 12 0 ] [ 12 1 ] [ 13 1 ] [ 15 1 ] }
{ [ 0 0 ] [ 0 1 ] [ 2 1 ] [ 5 0 ] [ 7 0 ] [ 8 0 ] [ 9 1 ] [ 10 0 ] [ 11 0 ] [ 12 0 ] [ 12 1 ] [ 15 0 ] }
{ [ 0 0 ] [ 0 1 ] [ 2 1 ] [ 5 1 ] [ 7 1 ] [ 8 0 ] [ 9 0 ] [ 10 0 ] [ 11 1 ] [ 12 0 ] [ 12 1 ] [ 15 1 ] }
{ [ 0 0 ] [ 0 1 ] [ 2 1 ] [ 6 0 ] [ 7 0 ] [ 7 1 ] [ 10 0 ] [ 11 0 ] [ 12 1 ] [ 13 0 ] [ 14 0 ] [ 15 0 ] }
{ [ 0 0 ] [ 0 1 ] [ 2 1 ] [ 6 0 ] [ 7 0 ] [ 7 1 ] [ 10 0 ] [ 11 1 ] [ 12 1 ] [ 13 1 ] [ 14 0 ] [ 15 1 ] }
{ [ 0 0 ] [ 0 1 ] [ 2 1 ] [ 6 1 ] [ 7 0 ] [ 9 0 ] [ 10 0 ] [ 10 1 ] [ 11 0 ] [ 13 1 ] [ 14 0 ] [ 15 0 ] }
{ [ 0 0 ] [ 0 1 ] [ 2 1 ] [ 6 1 ] [ 7 1 ] [ 9 1 ] [ 10 0 ] [ 10 1 ] [ 11 1 ] [ 13 0 ] [ 14 0 ] [ 15 1 ] }
{ [ 0 0 ] [ 0 1 ] [ 3 0 ] [ 4 0 ] [ 4 1 ] [ 5 0 ] [ 6 0 ] [ 7 0 ] [ 9 1 ] [ 12 0 ] [ 14 1 ] [ 15 0 ] }
{ [ 0 0 ] [ 0 1 ] [ 3 0 ] [ 4 0 ] [ 4 1 ] [ 5 0 ] [ 6 1 ] [ 7 0 ] [ 9 1 ] [ 12 1 ] [ 14 0 ] [ 15 0 ] }
{ [ 0 0 ] [ 0 1 ] [ 3 0 ] [ 4 0 ] [ 4 1 ] [ 5 1 ] [ 6 0 ] [ 7 1 ] [ 8 1 ] [ 9 1 ] [ 13 1 ] [ 14 1 ] }
{ [ 0 0 ] [ 0 1 ] [ 3 0 ] [ 4 0 ] [ 4 1 ] [ 5 1 ] [ 6 1 ] [ 7 1 ] [ 8 0 ] [ 9 1 ] [ 13 1 ] [ 14 0 ] }
{ [ 0 0 ] [ 0 1 ] [ 3 0 ] [ 4 0 ] [ 4 1 ] [ 6 0 ] [ 9 0 ] [ 11 0 ] [ 12 1 ] [ 13 1 ] [ 14 1 ] [ 15 0 ] }
{ [ 0 0 ] [ 0 1 ] [ 3 0 ] [ 4 0 ] [ 4 1 ] [ 6 1 ] [ 9 0 ] [ 11 0 ] [ 12 0 ] [ 13 1 ] [ 14 0 ] [ 15 0 ] }
{ [ 0 0 ] [ 0 1 ] [ 3 0 ] [ 4 0 ] [ 5 1 ] [ 6 0 ] [ 7 0 ] [ 8 0 ] [ 9 0 ] [ 9 1 ] [ 11 1 ] [ 15 0 ] }
{ [ 0 0 ] [ 0 1 ] [ 3 0 ] [ 4 0 ] [ 5 1 ] [ 7 0 ] [ 8 0 ] [ 9 0 ] [ 9 1 ] [ 10 0 ] [ 11 1 ] [ 13 1 ] }
{ [ 0 0 ] [ 0 1 ] [ 3 0 ] [ 4 0 ] [ 5 1 ] [ 7 0 ] [ 8 0 ] [ 9 0 ] [ 10 0 ] [ 10 1 ] [ 11 0 ] [ 12 1 ] }
{ [ 0 0 ] [ 0 1 ] [ 3 0 ] [ 4 0 ] [ 7 1 ] [ 8 0 ] [ 9 1 ] [ 11 0 ] [ 13 0 ] [ 13 1 ] [ 14 0 ] [ 15 0 ] }
{ [ 0 0 ] [ 0 1 ] [ 3 0 ] [ 4 1 ] [ 5 1 ] [ 6 1 ] [ 7 0 ] [ 8 1 ] [ 9 0 ] [ 9 1 ] [ 11 1 ] [ 15 0 ] }
{ [ 0 0 ] [ 0 1 ] [ 3 0 ] [ 4 1 ] [ 5 1 ] [ 7 0 ] [ 8 1 ] [ 9 0 ] [ 9 1 ] [ 10 1 ] [ 11 1 ] [ 13 1 ] }
{ [ 0 0 ] [ 0 1 ] [ 3 0 ] [ 4 1 ] [ 5 1 ] [ 7 0 ] [ 8 1 ] [ 9 0 ] [ 10 0 ] [ 10 1 ] [ 11 0 ] [ 12 0 ] }
{ [ 0 0 ] [ 0 1 ] [ 3 0 ] [ 4 1 ] [ 7 1 ] [ 8 1 ] [ 9 1 ] [ 11 0 ] [ 13 0 ] [ 13 1 ] [ 14 1 ] [ 15 0 ] }
{ [ 0 0 ] [ 0 1 ] [ 3 0 ] [ 5 0 ] [ 6 0 ] [ 7 0 ] [ 7 1 ] [ 8 0 ] [ 9 1 ] [ 11 0 ] [ 12 0 ] [ 13 1 ] }
{ [ 0 0 ] [ 0 1 ] [ 3 0 ] [ 5 0 ] [ 6 1 ] [ 7 0 ] [ 7 1 ] [ 8 1 ] [ 9 1 ] [ 11 0 ] [ 12 1 ] [ 13 1 ] }
{ [ 0 0 ] [ 0 1 ] [ 3 1 ] [ 4 0 ] [ 4 1 ] [ 5 0 ] [ 6 0 ] [ 7 0 ] [ 8 1 ] [ 9 0 ] [ 13 0 ] [ 14 1 ] }
{ [ 0 0 ] [ 0 1 ] [ 3 1 ] [ 4 0 ] [ 4 1 ] [ 5 0 ] [ 6 1 ] [ 7 0 ] [ 8 0 ] [ 9 0 ] [ 13 0 ] [ 14 0 ] }
{ [ 0 0 ] [ 0 1 ] [ 3 1 ] [ 4 0 ] [ 4 1 ] [ 5 1 ] [ 6 0 ] [ 7 1 ] [ 9 0 ] [ 12 0 ] [ 14 1 ] [ 15 1 ] }
{ [ 0 0 ] [ 0 1 ] [ 3 1 ] [ 4 0 ] [ 4 1 ] [ 5 1 ] [ 6 1 ] [ 7 1 ] [ 9 0 ] [ 12 1 ] [ 14 0 ] [ 15 1 ] }
{ [ 0 0 ] [ 0 1 ] [ 3 1 ] [ 4 0 ] [ 4 1 ] [ 6 0 ] [ 9 1 ] [ 11 1 ] [ 12 1 ] [ 13 0 ] [ 14 1 ] [ 15 1 ] }
{ [ 0 0 ] [ 0 1 ] [ 3 1 ] [ 4 0 ] [ 4 1 ] [ 6 1 ] [ 9 1 ] [ 11 1 ] [ 12 0 ] [ 13 0 ] [ 14 0 ] [ 15 1 ] }
{ [ 0 0 ] [ 0 1 ] [ 3 1 ] [ 4 0 ] [ 5 0 ] [ 6 0 ] [ 7 1 ] [ 8 0 ] [ 9 0 ] [ 9 1 ] [ 11 0 ] [ 15 1 ] }
{ [ 0 0 ] [ 0 1 ] [ 3 1 ] [ 4 0 ] [ 5 0 ] [ 7 1 ] [ 8 0 ] [ 9 0 ] [ 9 1 ] [ 10 0 ] [ 11 0 ] [ 13 0 ] }
{ [ 0 0 ] [ 0 1 ] [ 3 1 ] [ 4 0 ] [ 5 0 ] [ 7 1 ] [ 8 0 ] [ 9 1 ] [ 10 0 ] [ 10 1 ] [ 11 1 ] [ 12 1 ] }
{ [ 0 0 ] [ 0 1 ] [ 3 1 ] [ 4 0 ] [ 7 0 ] [ 8 0 ] [ 9 0 ] [ 11 1 ] [ 13 0 ] [ 13 1 ] [ 14 0 ] [ 15 1 ] }
{ [ 0 0 ] [ 0 1 ] [ 3 1 ] [ 4 1 ] [ 5 0 ] [ 6 1 ] [ 7 1 ] [ 8 1 ] [ 9 0 ] [ 9 1 ] [ 11 0 ] [ 15 1 ] }
{ [ 0 0 ] [ 0 1 ] [ 3 1 ] [ 4 1 ] [ 5 0 ] [ 7 1 ] [ 8 1 ] [ 9 0 ] [ 9 1 ] [ 10 1 ] [ 11 0 ] [ 13 0 ] }
{ [ 0 0 ] [ 0 1 ] [ 3 1 ] [ 4 1 ] [ 5 0 ] [ 7 1 ] [ 8 1 ] [ 9 1 ] [ 10 0 ] [ 10 1 ] [ 11 1 ] [ 12 0 ] }
{ [ 0 0 ] [ 0 1 ] [ 3 1 ] [ 4 1 ] [ 7 0 ] [ 8 1 ] [ 9 0 ] [ 11 1 ] [ 13 0 ] [ 13 1 ] [ 14 1 ] [ 15 1 ] }
{ [ 0 0 ] [ 0 1 ] [ 3 1 ] [ 5 1 ] [ 6 0 ] [ 7 0 ] [ 7 1 ] [ 8 0 ] [ 9 0 ] [ 11 1 ] [ 12 0 ] [ 13 0 ] }
{ [ 0 0 ] [ 0 1 ] [ 3 1 ] [ 5 1 ] [ 6 1 ] [ 7 0 ] [ 7 1 ] [ 8 1 ] [ 9 0 ] [ 11 1 ] [ 12 1 ] [ 13 0 ] }
{ [ 0 0 ] [ 0 1 ] [ 4 0 ] [ 5 0 ] [ 6 0 ] [ 6 1 ] [ 7 0 ] [ 8 1 ] [ 9 0 ] [ 11 1 ] [ 12 1 ] [ 13 0 ] }
{ [ 0 0 ] [ 0 1 ] [ 4 0 ] [ 5 0 ] [ 6 0 ] [ 9 0 ] [ 10 1 ] [ 11 0 ] [ 12 0 ] [ 13 0 ] [ 13 1 ] [ 14 1 ] }
{ [ 0 0 ] [ 0 1 ] [ 4 0 ] [ 5 1 ] [ 6 0 ] [ 6 1 ] [ 7 1 ] [ 8 1 ] [ 9 1 ] [ 11 0 ] [ 12 1 ] [ 13 1 ] }
{ [ 0 0 ] [ 0 1 ] [ 4 0 ] [ 5 1 ] [ 6 0 ] [ 9 1 ] [ 10 1 ] [ 11 1 ] [ 12 0 ] [ 13 0 ] [ 13 1 ] [ 14 1 ] }
{ [ 0 0 ] [ 0 1 ] [ 4 1 ] [ 5 0 ] [ 6 0 ] [ 6 1 ] [ 7 0 ] [ 8 0 ] [ 9 0 ] [ 11 1 ] [ 12 0 ] [ 13 0 ] }
{ [ 0 0 ] [ 0 1 ] [ 4 1 ] [ 5 0 ] [ 6 1 ] [ 9 0 ] [ 10 0 ] [ 11 0 ] [ 12 1 ] [ 13 0 ] [ 13 1 ] [ 14 0 ] }
{ [ 0 0 ] [ 0 1 ] [ 4 1 ] [ 5 1 ] [ 6 0 ] [ 6 1 ] [ 7 1 ] [ 8 0 ] [ 9 1 ] [ 11 0 ] [ 12 0 ] [ 13 1 ] }
{ [ 0 0 ] [ 0 1 ] [ 4 1 ] [ 5 1 ] [ 6 1 ] [ 9 1 ] [ 10 0 ] [ 11 1 ] [ 12 1 ] [ 13 0 ] [ 13 1 ] [ 14 0 ] }