hm created w/ size 294
generating encodings to be removed
generated encodings to be removed w/ size 1080, now removing
number of filtered ADS: 72
[0 1 2 3 4 7 9 14 15 19 23 26 ] - [1, 7, 12, 13, 19, 20, 25, 31]
[0 1 2 3 4 8 9 12 18 21 23 28 ] - [1, 5, 9, 12, 20, 23, 27, 31]
[0 1 2 3 4 8 9 13 15 18 21 25 ] - [1, 7, 12, 15, 17, 20, 25, 31]
[0 1 2 3 4 8 13 15 18 24 27 28 ] - [1, 5, 9, 12, 20, 23, 27, 31]
[0 1 2 3 4 10 13 17 21 22 27 29 ] - [1, 7, 12, 13, 19, 20, 25, 31]
[0 1 2 3 4 11 15 18 21 23 27 28 ] - [1, 7, 12, 15, 17, 20, 25, 31]
[0 1 2 3 5 6 13 17 19 24 25 28 ] - [1, 4, 11, 13, 19, 21, 28, 31]
[0 1 2 3 5 7 10 16 21 22 25 29 ] - [3, 4, 5, 13, 19, 27, 28, 29]
[0 1 2 3 5 7 11 12 15 18 19 24 ] - [1, 4, 13, 15, 17, 19, 28, 31]
[0 1 2 3 5 7 12 18 21 24 25 29 ] - [3, 4, 5, 11, 21, 27, 28, 29]
[0 1 2 3 5 8 9 12 14 19 20 24 ] - [1, 5, 11, 12, 20, 21, 27, 31]
[0 1 2 3 5 9 12 13 14 19 26 29 ] - [1, 3, 7, 12, 20, 25, 29, 31]
[0 1 2 3 5 9 12 14 19 20 25 29 ] - [5, 9, 12, 15, 17, 20, 23, 27]
[0 1 2 3 5 10 12 16 20 23 28 29 ] - [4, 5, 9, 13, 19, 23, 27, 28]
[0 1 2 3 6 7 10 15 21 23 25 26 ] - [1, 8, 9, 13, 19, 23, 24, 31]
[0 1 2 3 6 7 11 14 16 18 26 29 ] - [3, 4, 5, 15, 17, 27, 28, 29]
[0 1 2 3 6 8 10 15 18 22 23 29 ] - [5, 7, 12, 15, 17, 20, 25, 27]
[0 1 2 3 6 9 16 21 22 23 26 30 ] - [1, 3, 7, 12, 20, 25, 29, 31]
[0 1 2 3 6 10 11 14 17 23 28 30 ] - [3, 4, 5, 11, 21, 27, 28, 29]
[0 1 2 3 6 10 13 14 19 25 28 30 ] - [3, 4, 5, 13, 19, 27, 28, 29]
[0 1 2 3 6 10 15 16 21 23 26 30 ] - [5, 9, 12, 15, 17, 20, 23, 27]
[0 1 2 3 6 12 13 17 20 25 27 29 ] - [5, 7, 12, 15, 17, 20, 25, 27]
[0 1 2 3 9 10 12 14 20 25 28 29 ] - [1, 8, 9, 13, 19, 23, 24, 31]
[0 1 2 3 11 15 16 21 23 26 27 30 ] - [1, 5, 11, 12, 20, 21, 27, 31]
[0 1 2 3 11 16 17 20 23 24 28 30 ] - [1, 4, 13, 15, 17, 19, 28, 31]
[0 1 2 4 5 7 11 12 15 16 18 24 ] - [1, 3, 4, 11, 21, 28, 29, 31]
[0 1 2 4 5 7 11 12 18 20 24 29 ] - [4, 5, 7, 13, 19, 25, 27, 28]
[0 1 2 4 5 8 9 11 14 19 21 25 ] - [3, 4, 7, 11, 21, 25, 28, 29]
[0 1 2 4 5 12 14 18 21 26 27 29 ] - [3, 7, 8, 15, 17, 24, 25, 29]
[0 1 2 4 5 12 15 20 21 23 27 29 ] - [3, 8, 11, 15, 17, 21, 24, 29]
[0 1 2 4 5 12 18 20 23 24 27 29 ] - [3, 4, 5, 9, 23, 27, 28, 29]
[0 1 2 4 5 13 15 18 21 25 27 28 ] - [3, 9, 12, 13, 19, 20, 23, 29]
[0 1 2 4 6 7 10 14 15 17 18 27 ] - [1, 3, 4, 15, 17, 28, 29, 31]
[0 1 2 4 6 7 11 15 18 23 24 26 ] - [8, 9, 11, 15, 17, 21, 23, 24]
[0 1 2 4 6 7 15 17 20 24 27 28 ] - [4, 5, 11, 13, 19, 21, 27, 28]
[0 1 2 4 6 9 11 20 21 24 27 28 ] - [4, 5, 7, 9, 23, 25, 27, 28]
[0 1 2 4 6 10 11 13 14 18 21 27 ] - [4, 7, 9, 11, 21, 23, 25, 28]
[0 1 2 4 7 8 9 12 18 19 21 28 ] - [1, 7, 11, 12, 20, 21, 25, 31]
[0 1 2 5 7 8 9 12 14 20 23 24 ] - [1, 7, 9, 12, 20, 23, 25, 31]
[0 1 2 5 7 8 9 13 20 22 23 29 ] - [1, 7, 11, 12, 20, 21, 25, 31]
[0 1 2 5 7 8 11 13 15 16 20 23 ] - [3, 5, 7, 8, 24, 25, 27, 29]
[0 1 2 5 7 8 11 15 16 18 20 28 ] - [4, 5, 13, 15, 17, 19, 27, 28]
[0 1 2 5 7 8 13 16 20 22 29 30 ] - [3, 7, 8, 15, 17, 24, 25, 29]
[0 1 2 5 7 9 13 14 17 20 22 23 ] - [9, 12, 13, 15, 17, 19, 20, 23]
[0 1 2 5 9 11 12 13 14 17 20 27 ] - [1, 3, 7, 12, 20, 25, 29, 31]
[0 1 2 5 11 12 14 21 25 26 27 29 ] - [1, 7, 11, 12, 20, 21, 25, 31]
[0 1 2 5 12 15 17 21 23 24 29 30 ] - [3, 9, 12, 15, 17, 20, 23, 29]
[0 1 2 6 7 9 13 16 19 21 29 30 ] - [3, 9, 12, 13, 19, 20, 23, 29]
[0 1 2 6 7 9 16 19 21 22 26 30 ] - [7, 12, 13, 15, 17, 19, 20, 25]
[0 1 2 6 8 9 11 13 14 24 25 28 ] - [1, 5, 8, 13, 19, 24, 27, 31]
[0 1 2 6 8 9 18 21 22 23 27 30 ] - [1, 9, 11, 12, 20, 21, 23, 31]
[0 1 2 6 9 11 13 21 24 25 27 28 ] - [4, 7, 11, 13, 19, 21, 25, 28]
[0 1 2 7 13 16 20 21 23 24 28 30 ] - [4, 7, 9, 11, 21, 23, 25, 28]
[0 1 2 8 10 11 16 19 23 27 28 30 ] - [8, 9, 11, 15, 17, 21, 23, 24]
[0 1 2 8 10 12 13 15 16 19 23 28 ] - [4, 11, 13, 15, 17, 19, 21, 28]
[0 1 2 11 13 16 20 21 24 27 28 30 ] - [3, 4, 11, 13, 19, 21, 28, 29]
[0 1 3 4 5 8 13 17 19 25 26 30 ] - [4, 5, 7, 13, 19, 25, 27, 28]
[0 1 3 4 5 8 15 18 20 24 26 27 ] - [3, 9, 12, 15, 17, 20, 23, 29]
[0 1 3 4 5 12 14 19 20 24 26 29 ] - [7, 9, 12, 15, 17, 20, 23, 25]
[0 1 3 4 5 12 16 18 23 26 28 29 ] - [3, 4, 7, 11, 21, 25, 28, 29]
[0 1 3 4 5 13 19 21 22 25 26 30 ] - [1, 3, 4, 11, 21, 28, 29, 31]
[0 1 3 4 6 8 14 15 16 20 25 29 ] - [4, 11, 13, 15, 17, 19, 21, 28]
[0 1 3 4 7 12 14 16 24 25 29 30 ] - [3, 4, 9, 11, 21, 23, 28, 29]
[0 1 3 4 8 10 12 13 14 19 25 28 ] - [4, 7, 9, 11, 21, 23, 25, 28]
[0 1 3 5 6 7 12 21 22 24 25 29 ] - [1, 3, 4, 15, 17, 28, 29, 31]
[0 1 3 5 6 7 16 18 21 25 26 29 ] - [3, 4, 11, 13, 19, 21, 28, 29]
[0 1 3 5 7 8 12 13 15 16 21 22 ] - [1, 5, 7, 8, 24, 25, 27, 31]
[0 1 3 5 7 8 18 19 24 25 27 28 ] - [1, 5, 7, 8, 24, 25, 27, 31]
[0 1 3 6 7 8 12 20 22 24 25 29 ] - [4, 5, 13, 15, 17, 19, 27, 28]
[0 1 3 7 8 14 16 20 25 28 29 30 ] - [4, 5, 7, 13, 19, 25, 27, 28]
[0 1 4 5 13 14 19 21 22 24 26 30 ] - [8, 9, 11, 13, 19, 21, 23, 24]
[0 1 4 8 11 12 13 14 16 18 21 27 ] - [3, 4, 5, 13, 19, 27, 28, 29]
want to check ads? y/n
n
